0 254
0 255
0 256
0 257
0 258
0 259
0 260
0 261
0 262
1 263
2 264
2 265
2 266
3 267
3 268
3 269
3 270
3 271
4 271
4 272
5 269
5 273
5 274
6 275
6 276
6 277
6 278
7 271
8 271
8 275
9 271
9 274
9 279
9 280
10 281
10 282
10 283
11 271
11 284
11 285
12 271
13 271
13 286
13 287
13 288
14 271
14 289
14 290
14 291
14 292
14 293
15 282
15 283
15 294
15 295
15 296
16 271
17 268
17 297
18 271
18 298
18 299
18 300
18 301
18 302
18 303
18 304
19 271
20 305
20 306
21 269
21 271
21 284
21 289
21 307
21 308
22 271
22 274
23 269
23 309
23 310
24 271
25 271
25 311
25 312
25 313
25 314
26 274
26 280
26 315
26 316
26 317
27 271
27 291
27 318
27 319
28 271
28 320
28 321
29 271
29 275
29 287
29 289
29 322
29 323
29 324
29 325
29 326
29 327
30 271
31 271
32 271
32 286
32 328
33 271
33 329
33 330
34 269
34 331
34 332
35 269
35 333
35 334
36 335
36 336
36 337
37 268
37 269
37 271
37 338
37 339
37 340
37 341
37 342
37 343
37 344
37 345
37 346
37 347
37 348
37 349
37 350
37 351
37 352
37 353
37 354
37 355
37 356
37 357
37 358
37 359
38 269
38 271
38 287
38 289
38 360
38 361
38 362
38 363
38 364
38 365
38 366
38 367
38 368
38 369
38 370
38 371
38 372
38 373
38 374
38 375
38 376
38 377
38 378
39 274
40 275
40 379
41 284
41 285
42 271
43 269
43 278
43 380
44 274
45 268
45 269
46 271
46 274
46 381
47 257
47 261
47 262
47 271
47 286
47 306
47 323
47 382
47 383
47 384
47 385
47 386
47 387
47 388
47 389
47 390
47 391
47 392
47 393
47 394
47 395
47 396
47 397
48 271
49 398
50 271
50 328
51 274
51 399
52 268
52 269
52 400
53 269
53 278
54 269
54 278
54 334
54 401
54 402
54 403
54 404
54 405
54 406
55 271
56 274
57 269
57 407
57 408
57 409
57 410
57 411
58 271
58 287
58 291
59 274
60 274
60 284
60 285
61 265
61 268
61 271
61 281
61 330
62 271
62 412
62 413
63 271
63 289
63 414
63 415
63 416
64 271
65 268
65 269
65 417
65 418
66 271
67 271
67 274
68 274
68 315
68 419
69 265
69 268
69 271
69 420
70 274
71 269
71 274
71 421
71 422
72 268
72 271
72 423
72 424
72 425
72 426
73 306
73 427
73 428
74 271
74 417
74 423
74 429
74 430
74 431
74 432
75 271
76 433
77 271
77 434
77 435
77 436
77 437
78 263
78 271
78 306
78 427
78 438
78 439
78 440
78 441
79 269
79 271
79 273
79 275
79 284
79 287
79 442
79 443
79 444
79 445
79 446
79 447
79 448
80 269
80 286
80 449
81 269
81 286
81 450
82 269
83 269
83 451
84 271
84 452
85 281
85 282
85 306
85 453
85 454
85 455
85 456
86 265
86 269
86 271
86 274
86 282
86 284
86 287
86 289
86 291
86 306
86 330
86 413
86 414
86 457
86 458
86 459
86 460
86 461
86 462
86 463
86 464
86 465
87 271
87 356
87 466
87 467
87 468
87 469
87 470
87 471
87 472
87 473
88 271
89 264
89 265
89 266
89 271
89 329
89 330
89 474
89 475
90 414
90 415
91 271
92 269
93 271
93 476
94 274
94 477
95 271
96 269
96 339
96 452
96 478
96 479
96 480
97 275
98 271
99 269
99 481
100 398
101 271
101 274
102 271
102 286
103 271
103 289
103 291
103 292
103 293
103 482
103 483
104 414
104 484
105 271
105 297
105 298
105 299
105 301
105 303
105 304
105 311
105 312
105 314
105 390
105 434
105 485
105 486
105 487
105 488
105 489
105 490
105 491
105 492
105 493
105 494
105 495
105 496
105 497
105 498
105 499
105 500
105 501
105 502
105 503
105 504
105 505
105 506
105 507
105 508
105 509
105 510
105 511
105 512
105 513
105 514
105 515
105 516
105 517
105 518
105 519
105 520
105 521
105 522
105 523
105 524
105 525
105 526
105 527
105 528
105 529
105 530
105 531
105 532
105 533
105 534
105 535
105 536
105 537
105 538
105 539
105 540
105 541
106 286
106 328
106 542
106 543
106 544
106 545
106 546
106 547
106 548
106 549
106 550
106 551
106 552
106 553
106 554
106 555
106 556
106 557
106 558
106 559
106 560
106 561
106 562
106 563
106 564
106 565
106 566
107 254
107 255
107 258
107 259
107 260
107 262
107 268
107 281
107 283
107 453
107 567
107 568
107 569
107 570
107 571
107 572
107 573
107 574
107 575
107 576
108 254
108 268
108 271
108 570
108 577
109 271
109 578
110 271
110 579
111 268
111 271
111 293
111 297
111 306
111 363
111 413
111 423
111 429
111 482
111 580
111 581
112 265
112 269
112 271
112 287
112 289
112 291
112 292
112 582
112 583
112 584
112 585
112 586
112 587
112 588
112 589
112 590
112 591
112 592
113 271
113 593
114 322
114 323
114 594
115 271
116 268
116 271
117 261
117 262
117 271
117 289
117 306
118 268
118 271
118 334
118 418
118 430
118 489
118 492
118 595
118 596
118 597
118 598
118 599
118 600
118 601
118 602
118 603
118 604
118 605
118 606
119 271
119 607
120 264
120 319
120 608
121 268
122 306
122 392
123 337
123 609
123 610
124 306
124 611
124 612
125 268
125 269
125 271
125 281
125 282
126 271
126 613
126 614
126 615
126 616
127 271
127 480
127 617
127 618
128 268
129 289
129 444
129 619
130 271
130 306
130 620
130 621
131 269
131 289
131 622
132 271
132 275
132 286
133 264
133 266
133 330
134 269
134 271
134 623
135 614
135 624
135 625
135 626
136 271
136 286
136 297
136 328
136 487
136 543
136 549
136 550
136 627
136 628
136 629
137 541
138 268
138 269
138 630
138 631
138 632
138 633
138 634
138 635
138 636
138 637
138 638
138 639
138 640
139 271
139 641
140 271
140 642
141 269
142 268
142 269
142 339
142 643
143 269
143 271
143 487
143 488
143 493
143 644
144 269
144 334
144 645
144 646
145 271
145 274
145 647
145 648
145 649
145 650
145 651
145 652
146 271
146 653
146 654
146 655
146 656
146 657
147 306
147 329
147 482
147 658
147 659
148 269
149 261
149 262
149 286
149 306
149 389
150 264
150 319
151 271
152 268
152 269
152 271
152 274
152 660
152 661
152 662
152 663
152 664
153 275
153 334
153 614
153 624
153 665
153 666
153 667
153 668
153 669
153 670
153 671
153 672
154 302
154 540
154 673
154 674
154 675
155 271
155 289
155 320
155 321
155 676
155 677
155 678
155 679
156 271
156 680
157 271
157 298
157 312
157 314
157 434
157 493
157 494
157 523
157 529
157 537
157 681
157 682
157 683
157 684
157 685
157 686
157 687
157 688
157 689
157 690
157 691
157 692
157 693
157 694
157 695
157 696
157 697
157 698
158 271
158 284
158 330
158 457
158 542
158 699
158 700
158 701
158 702
159 269
160 271
160 703
161 274
162 268
162 269
162 356
162 634
162 704
162 705
162 706
163 268
163 271
163 310
163 356
163 707
163 708
163 709
163 710
163 711
163 712
163 713
163 714
163 715
163 716
164 271
164 717
165 271
166 323
167 271
167 476
168 440
168 718
168 719
169 254
169 260
169 268
170 254
170 255
170 260
170 271
170 488
170 492
170 504
170 510
170 535
170 538
170 720
170 721
170 722
170 723
170 724
170 725
170 726
170 727
170 728
170 729
170 730
170 731
171 271
171 732
172 268
173 271
173 274
173 286
174 271
174 733
174 734
175 274
175 280
175 289
176 274
176 315
176 316
177 271
177 274
177 286
177 735
177 736
177 737
177 738
177 739
177 740
177 741
177 742
177 743
177 744
177 745
177 746
177 747
177 748
177 749
177 750
178 271
179 271
179 289
179 305
179 413
179 620
179 658
179 751
179 752
179 753
180 271
180 275
180 754
181 271
181 274
182 254
182 268
182 297
183 269
183 487
183 755
184 265
184 271
184 289
184 293
184 319
184 329
184 330
184 413
184 482
185 281
185 283
185 306
185 319
185 389
185 438
185 455
185 756
185 757
185 758
185 759
185 760
185 761
185 762
185 763
185 764
185 765
185 766
185 767
185 768
185 769
185 770
185 771
185 772
185 773
185 774
185 775
185 776
185 777
185 778
185 779
185 780
185 781
185 782
186 269
186 271
186 406
187 271
187 272
188 287
188 783
189 275
190 268
191 269
191 339
191 643
191 784
191 785
192 264
192 291
192 293
192 319
192 482
192 483
192 658
193 269
193 271
193 786
194 271
194 618
194 787
194 788
195 271
195 286
195 297
195 328
195 487
195 492
196 271
196 274
196 284
196 789
197 271
197 289
197 293
197 413
197 483
197 658
198 271
198 287
198 292
198 293
199 271
199 790
200 268
200 334
200 418
200 430
201 271
201 320
201 321
201 334
201 434
201 613
201 614
201 615
201 616
201 667
201 791
201 792
201 793
202 398
203 323
204 268
204 271
205 271
205 273
205 274
205 754
205 794
205 795
205 796
206 271
206 487
206 797
207 269
208 271
209 271
210 271
211 269
212 269
212 271
213 271
214 268
214 271
214 356
214 798
215 284
215 286
215 799
216 306
216 718
217 271
217 614
217 615
217 667
218 263
218 271
218 363
218 438
218 440
218 448
218 800
218 801
218 802
218 803
219 269
219 271
219 287
219 289
219 444
219 590
219 619
219 804
219 805
220 268
220 269
220 281
220 282
220 577
221 286
221 806
222 254
222 268
222 306
222 724
223 271
223 334
223 601
223 807
223 808
223 809
223 810
223 811
223 812
223 813
223 814
223 815
223 816
224 271
224 286
224 337
224 673
224 675
224 817
224 818
224 819
224 820
224 821
224 822
224 823
225 824
226 269
226 467
227 825
228 271
228 826
229 271
229 274
230 271
231 268
231 269
231 827
232 257
232 262
232 264
232 265
232 268
232 271
232 281
232 282
232 283
232 319
232 329
232 330
232 392
232 453
232 765
232 774
232 828
232 829
232 830
232 831
233 257
233 258
233 282
233 306
234 271
235 271
235 832
236 271
237 271
238 271
238 334
238 406
238 434
238 604
238 833
238 834
238 835
238 836
238 837
238 838
238 839
238 840
239 265
239 293
239 305
239 306
239 329
239 330
239 363
239 413
239 482
239 658
239 841
240 254
240 255
240 260
240 268
240 297
241 265
241 269
241 271
241 279
241 286
241 287
241 297
241 298
241 300
241 363
241 492
241 504
241 578
241 842
241 843
241 844
242 269
242 271
242 274
242 286
242 287
242 289
242 306
242 323
242 363
242 396
242 735
242 845
242 846
242 847
242 848
242 849
242 850
242 851
242 852
242 853
242 854
242 855
243 274
244 257
244 306
244 330
244 856
245 269
245 271
245 857
246 287
246 858
247 274
248 286
248 396
248 859
249 269
249 860
249 861
250 268
251 268
251 271
252 271
252 624
252 862
252 863
253 271
253 320
253 624
253 666
253 792
253 864
253 865
253 866
253 867
